Metabolite	KEGG	GWEIGHT	GLU 0.058	GLU 0.108	GLU 0.161	GLU 0.238	GLU 0.311	NH4 0.055	NH4 0.105	NH4 0.173	NH4 0.21	NH4 0.29	PO4 0.056	PO4 0.113	PO4 0.16	PO4 0.223	PO4 0.3	LEU 0.058	LEU 0.11	LEU 0.16	LEU 0.22	LEU 0.286	URA 0.056	URA 0.11	URA 0.15	URA 0.22	URA 0.31
EWEIGHT			1	1	1	1	1	1	1	1	1	1	1	1	1	1	1	1	1	1	1	1	1	1	1	1	1
"1,3-bisphospho-D-glycerate"	C00236	1	-0.181714923	-0.078160309	-0.062271011	-0.43775977	1.444921121	-0.492052353	-0.055488188	0.270276958	0.224125509	1.660011432	-1.523012972	-0.846333781	-0.543944328	0.456152707	1.062594125	-0.557968656	-0.677418933	-0.444085973	0.147888843	0.45280376	-0.425955525	-0.302218932	-0.03725845	0.367242261	0.57962739
3-hydroxy-3-methylglutaryl-CoA	C00356	1	-0.155873268	0.765489962	0.708981344	0.366382994	-0.155873268	-0.941558695	-0.459393801	-0.352706991	-0.746645908	-0.383092695	-0.155873268	-0.155873268	-0.155873268	-0.155873268	-0.155873268	0.047987455	0.301229236	0.550703402	0.279425187	-0.155873268	0.640573498	0.468624036	0.778843606	0.163702205	-0.941558695
3-phospho-D-glycerate	C00197	1	2.657516282	2.462741576	2.759435642	1.607893297	1.207242377	1.477020301	3.277941746	1.86090471	1.677801701	1.074509082	-3.135942288	-2.656004295	-2.785125536	-0.985537934	-1.560575787	-0.283063354	-0.636247971	-1.247772463	0.002264829	-0.289441476	-2.134688634	-2.430720328	-1.064832192	-0.132045675	-0.723273611
6-phospho-D-gluconate	C00345	1	0.426737573	1.186406499	1.713938719	1.9271898	0.415145049	-0.646412212	-1.134664224	0.204728992	0.308570151	-0.262717897	-4.460256989	-1.76318803	-0.886767101	1.001632003	0.805970666	-0.3234758	0.287049072	0.452184288	0.086334366	0.56553227	-0.946244145	-0.534238993	0.127097992	0.619355457	0.830092494
acetyl-CoA	C00024	1	-1.166839902	-0.055691276	0.076553835	0.005827798	-0.475984411	-0.66586951	-0.730537831	-0.112969395	-0.150568497	-0.7156923	-1.04103603	-0.076214445	0.341870932	0.057649434	-0.314635804	0.58281327	0.77046128	0.182356549	0.766571131	0.945833134	0.501164977	0.517382302	1.04402228	-0.088919372	-0.197548148
aconitate	C02341	1	-1.464615872	-0.926816989	-1.242559262	-0.924791763	-2.394715626	1.826353568	0.673360806	1.687115061	1.868307778	2.894230862	0.769110993	0.324660706	-0.351844776	-0.472444612	-0.825912203	-0.360593034	-0.698527402	-1.420826608	-1.62464716	-1.494411037	0.438976369	0.349125439	0.619581597	1.11600142	1.635881746
adenosine	C00212	1	-2.046925941	-1.588694951	-2.046925941	-1.185043687	-2.046925941	-0.746074901	-1.046219381	-1.116834477	-0.921670168	-1.1014233	4.717551716	3.697433035	3.242782154	1.621632285	1.617165864	2.137543787	0.218579701	-0.74862485	-0.851363969	-1.645271766	0.938954826	0.301512361	0.058066146	-0.710548217	-0.748674382
ADP	C00008	1	-0.046457011	0.087309681	0.050690384	0.477443082	-0.627692223	-0.350099078	0.109279342	0.04323323	0.544756289	-0.4180702	-0.6317683	-0.247020059	0.09601832	0.372631082	0.274816017	0.060709759	0.508086258	0.487869695	0.504180532	0.509037122	-0.674453312	-0.265407322	0.044744351	-0.578714715	-0.331122925
a-ketoglutarate	C00026	1	-0.653626766	0.032786425	0.748436805	1.119384431	-0.316071073	2.470759261	2.14892095	2.240170386	1.899559339	-0.086640976	0.66484458	0.849960254	0.534577269	0.095301895	-0.443139684	1.81180699	0.852452973	-0.337032068	-1.447629957	-1.644207555	-1.661209814	-2.412763108	-2.550272263	-2.238016529	-1.678351763
alanine	C00041	1	-0.956208168	-1.619041331	-1.230106218	-1.350599115	-1.164265203	-1.500393085	-1.870001647	-0.963015221	-0.206938595	0.682812708	-0.221087884	-0.232501183	-0.607838799	0.551062893	-0.935881002	2.101852699	2.07597613	1.982389803	1.771951264	0.986891075	1.118276957	0.591437505	0.675492723	0.294572183	0.02516151
AMP	C00020	1	0.560103369	0.78266564	0.151088518	-0.446306479	-1.608729488	-0.802665387	0.443830882	0.264397982	1.1291675	-0.558672567	0.18094491	0.132234738	0.336583247	0.008427327	-0.399594792	0.38101607	0.519408387	0.206601276	0.283096537	-0.439404722	-0.495867187	0.854107457	-0.164343558	-0.533038717	-0.785050943
arginine	C00062	1	-2.629367009	-3.137132384	-2.704799962	-0.892528456	0.089454352	-3.89850957	-3.209237812	-1.947143677	-0.420181899	0.486220063	0.998364127	1.012735897	0.891433972	0.613646889	0.297457329	2.787914758	2.176847409	2.086011668	1.700855745	0.866116803	0.800945417	1.049547385	1.399991856	1.424621765	0.156735333
asparagine	C00152	1	1.032299396	0.493349117	0.547576973	0.487733316	0.768072894	-3.654755617	-2.782721457	-4.447047443	-2.596576952	-0.096903507	1.276826278	1.223214597	0.824733591	0.81978004	0.057526037	-0.217451021	0.509056929	1.298828402	1.462924355	0.999127665	0.356603811	0.236210564	0.303538265	0.549644735	0.548409032
aspartate	C00049	1	-0.908778526	-1.564513918	-1.271217085	-0.811653464	-0.180034218	-0.519330274	-0.730170581	0.420662035	0.819447108	1.087912675	-0.180444649	-0.020309165	0.234408706	0.494604377	0.125919104	0.580814841	0.407605117	0.651200022	0.539010305	0.521175343	-0.93218278	0.030175735	0.466606962	0.682867643	0.056224688
ATP	C00002	1	0.562791256	0.952031209	0.781548338	0.594271955	0.778854065	-0.457590252	-0.18220274	0.038759588	0.04235113	-0.206193835	-1.670947703	-1.177401812	-0.835328847	-0.118055364	-0.119865461	-0.081436174	0.557350855	0.340292485	0.637550473	0.71887829	-0.296437649	-0.348307756	0.02999107	-0.38691415	-0.153988973
choline	C00114	1	-0.811284044	-3.209090191	-3.241765394	-3.398732793	-3.190004397	0.655171953	-0.99461309	-1.019547579	-1.095896798	-0.382850582	3.345763061	1.736359501	0.79665691	0.363435092	-1.638341935	4.308646291	3.152249225	2.0061002	0.287312691	-0.317191489	3.931994871	0.886552218	-0.137472328	-1.017067561	-1.016383834
citrate	C00158	1	-0.2768115	0.022134009	-0.764362043	-0.063173597	-2.682184982	2.820083011	2.724677914	2.21274594	1.694621411	-2.352362025	2.263665412	2.265621961	2.466041618	2.6863269	2.230707945	1.489319046	1.548904405	0.885485801	-0.097706922	0.234695236	-3.423811828	-4.625810961	-4.712027301	-3.760545435	-2.786234016
citrate/isocitrate	C00158/C00311	1	-0.338418365	-0.038465146	-0.776363035	0.024279055	-2.590209173	2.774073471	2.714184498	2.093319624	1.659439911	-2.303012506	2.261955192	2.365206745	2.577200743	2.713836801	2.286576884	1.508583647	1.566302153	0.866693208	-0.119150396	0.22128114	-3.386763866	-4.711264954	-4.67436678	-3.812245579	-2.882673272
citrulline	C00327	1	-0.504161478	0.403234524	0.963521465	0.596372687	4.495928061	-4.7049567	-4.575830956	-1.60271063	0.10348428	2.578513577	-1.18575116	-0.697549381	-0.813547481	-0.307589376	-0.686247585	-0.227656039	0.58024639	2.135270802	2.157667991	0.979121826	-1.311404331	-0.886288916	-1.439768605	0.301688112	3.648412922
CTP	C00063	1	0.433593657	1.022146908	0.88620798	0.648663391	1.188532768	-0.044524941	0.421732907	0.596462535	0.462049943	0.101918165	-1.827316931	-0.81368645	-0.723540327	-0.421987191	0.031141372	0.767463338	0.666393162	1.127281793	1.575676828	1.522337358	-2.268859585	-2.06982869	-1.391033026	-1.819936688	-0.070888277
cyclic AMP	C00575	1	-0.097840154	-0.097840154	-0.097840154	-0.097840154	-0.097840154	0.607049655	-0.097840154	-0.012370578	-0.091582578	-0.107884785	-0.097840154	0.415294181	-0.097840154	0.100557769	-0.097840154	-0.097840154	-0.097840154	-0.097840154	-0.097840154	-0.097840154	0.268877126	0.036092012	0.268112784	-0.016543283	-0.097840154
cystathionine	C00542	1	-0.49053362	-0.566717059	0.285703093	0.257795699	-1.094089269	-3.234700796	-1.180760191	-0.850010797	-1.061961098	-0.442425176	1.970563984	1.381066921	1.072664656	1.213465711	-1.739284513	1.633338035	1.736944422	2.097508603	1.528572845	1.163099868	-0.575247129	-0.437997186	-0.398549292	-1.108130876	-1.160316837
cytidine	C00475	1	-1.455693081	-1.455693081	-1.455693081	-1.420053847	-1.455693081	-1.975190451	-1.087424886	-1.112980486	-1.80817228	-0.318649749	5.33688147	4.29550732	3.497585592	2.117975315	0.817955566	0.829052371	1.150824888	0.962949504	0.638207475	0.477098999	-1.353095547	-1.061808952	-1.199712402	-1.281392568	-1.682785011
cytosine	C00380	1	-0.197733262	-0.197733262	-0.197733262	-1.104949758	-0.197733262	-1.069744934	-0.197733262	-0.904201641	-0.512037237	0.720164521	4.002652972	2.798514896	2.147223016	0.822392724	-0.643363322	0.115645031	-0.013103864	0.129858413	-0.502486931	-0.474869547	-1.169543069	-0.673974544	-1.209810125	-1.225453914	-0.244246376
dATP	C00131	1	-0.03403937	-0.263949655	-0.039076806	-0.58210139	1.330724823	0.060330822	0.529221404	0.578589847	0.65489321	1.164288367	-1.142622917	-0.928890303	-0.24012613	0.537193706	0.38097402	0.014817447	-0.418295548	-0.291597738	-0.019102203	0.037856408	-0.717274458	-0.798244389	-0.428973028	0.206265427	0.409138453
dCTP	C00705	1	0.034991067	0.712548095	0.860331805	0.024116195	0.323678593	-0.63325921	-0.116854323	1.239098664	1.461855212	-0.533843945	-0.63325921	0.161620715	0.099964574	-0.485565301	-0.63325921	0.088763331	0.068814572	0.108824989	0.147701057	-0.071823403	-0.63325921	-0.63325921	-0.63325921	-0.32955815	0.004891514
deoxyadenosine	C00559	1	0.912480125	0.912480125	0.912480125	-1.707716113	0.912480125	-0.925700171	0.912480125	0.719412594	-0.150500665	-0.217931891	1.331706787	2.131327728	1.035280542	-0.107984399	-0.300616832	0.22106187	-0.192155757	-0.510459092	-0.601437415	-1.20350134	-0.696622314	-1.180153291	-0.558011657	-0.885056083	-0.763343126
deoxyguanosine	C00330	1	-0.032206427	-0.032206427	-0.032206427	-0.165943476	-0.032206427	-0.747163716	-0.032206427	-0.508443174	-0.734471003	-0.50378469	2.507952728	2.486465291	1.651542988	0.404684187	-0.655376095	-0.165943476	-0.071523396	-0.165943476	-0.097495613	-0.165943476	-0.747163716	-0.747163716	-0.450645189	-0.614133095	-0.348475752
D-erythrose-4-phosphate	C00279	1	0.173328134	0.217598819	-0.118975255	0.699847003	-1.271860552	-0.23207823	-0.180946917	0.61211667	-0.297968462	-0.632534612	-0.206583688	-0.555921569	-0.671101602	-1.383666676	-1.542979097	1.168889044	1.418787128	1.160346504	1.580825756	1.712124168	0.473592014	-0.248764954	0.022182654	-0.392395359	-1.503860921
D-gluconate	C00257	1	-0.824678531	-0.200684536	-0.875222834	-0.220139897	-0.265071767	-0.535896713	0.445825293	0.023581933	-0.421042576	0.228313689	0.112590031	1.145561347	1.340590958	1.809553292	0.952603966	1.373867364	0.965228251	-0.038891269	-1.268230229	-0.695258893	-0.774286898	-0.773755637	-0.435262193	-0.479587292	-0.589706857
"D-glucono-1,5-lactone-6-phosphate"	C01236	1	-0.569662463	-0.247711316	-0.418569838	0.066657106	1.415620937	-0.202269418	0.837465466	0.172633091	0.671907439	1.80342252	-1.629716544	-1.629716544	-1.629716544	-1.270533352	-1.555428675	-0.15559869	0.311107818	0.493868534	0.799784697	0.933184913	-0.107887679	-0.356811811	0.682551208	0.467435356	1.117983793
D-glyceraldehyde-3-phosphate	C00661	1	-1.5817641	-1.79126071	-1.266017944	-1.385508918	0.172041218	-0.266525956	-0.255940513	0.279869788	0.569577741	0.289697138	-2.136795319	-0.680776696	-0.34188127	0.978670199	0.897928783	0.667852789	0.865779722	1.09829898	1.115330493	1.420990426	-0.477835967	0.230229466	0.605836315	0.733376206	0.258828129
dihydroorotate	C00337	1	-5.136620756	-4.11996982	-3.386865027	-1.618268354	-1.066443943	-2.733386485	-1.731831122	0.163978397	0.21324098	0.332874684	-2.957159709	-1.530581082	-0.866046464	0.185777638	-0.270185581	-0.619688864	-0.174634066	-0.937492377	-0.592604206	-0.028899033	6.064696221	6.003416474	6.105255535	5.759851401	2.941585559
dihydroxyacetone-phosphate	C00111	1	-1.762572354	-1.414480822	-1.016481316	-1.230001636	0.379375444	-0.088142381	0.378390215	0.669917041	0.725427988	0.920266787	-1.976084356	-0.937402984	-0.372407242	1.043601899	1.011815772	0.043507603	0.496045356	0.892886222	1.060661083	1.33698195	-1.016579895	-0.452207371	0.07365946	0.49479099	0.739032545
D-sedoheptulose-7-phosphate	C00281	1	1.665076317	2.283441263	2.587556084	3.132599315	1.186270974	0.125360849	0.015743704	-0.093699219	-0.265108819	0.001103048	-3.404088277	-2.180086933	-1.756949794	-0.035736972	-0.126394095	-0.130844112	-0.192645616	0.224444353	0.366946771	0.399677448	-1.579722526	-1.219251505	-0.848958968	-0.123621668	-0.03111162
dTTP	C00459	1	0.5403212	1.308963214	1.440960496	0.501337647	0.869915192	-1.48306588	0.321502192	1.103410562	1.556765362	0.234519029	-1.700925832	-0.036776632	0.233364869	-0.910448258	-1.534644484	0.679148601	0.800435234	0.651988087	0.808422515	0.618819441	-1.66916242	-2.225087412	-0.803356423	-0.480010088	-0.826396211
FAD	C00016	1	0.284603445	0.569615464	0.014170492	0.46963498	0.014170492	-1.28108521	0.014170492	0.116677435	-0.505403909	-1.776805421	0.014170492	0.491057317	-0.16758273	0.014170492	-0.476638748	0.094426353	0.44607615	0.017684368	-0.089355035	-0.170998046	0.94694923	0.001242539	0.618012609	0.326866259	0.014170492
FMN	C00061	1	-0.266370783	0.054886969	0.226927629	0.297991616	-0.266370783	-0.266370783	-0.266370783	-0.266370783	-0.266370783	-0.266370783	-0.266370783	-0.266370783	-0.266370783	-0.266370783	-0.202479085	-0.266370783	-0.266370783	-0.266370783	-0.266370783	0.046876024	0.482458534	1.273684518	1.246561153	0.693963062	-0.125308679
"fructose-1,6-bisphosphate"	C00354	1	-2.014775258	-1.932635012	-1.583597297	-1.842411441	1.825630824	0.107154115	1.930151558	1.641429607	1.486949706	1.504295978	-4.884360594	-2.872195821	-2.034837549	0.617451808	1.100813276	0.572333715	1.485186078	1.784490973	1.844179287	2.276328681	-1.447250721	-0.620440367	-0.018511967	0.464147395	0.610473028
fumarate	C00122	1	-1.271879535	-0.892768676	-0.559997424	0.145234043	0.045652272	2.829114699	1.859869223	2.06364716	1.964353876	1.897337283	-0.980124306	-0.852390286	-1.285760425	0.202903574	-0.80737233	1.061986186	-0.170742883	-0.852156536	-0.632794482	-1.186366281	-1.182151738	-1.227827392	-0.531361672	0.322323756	0.041271893
glutamate	C00025	1	1.564303615	1.002326885	1.275928939	0.610903349	0.318581795	-0.676489233	-0.732031537	0.378501569	0.369330268	0.375099801	0.110032325	0.177805824	0.164857968	-0.061258526	-0.557582238	0.111179584	-0.095142739	0.057636837	-0.187498752	0.062892693	-1.176199865	-0.939018573	-0.837685896	-0.537923046	-0.778551047
glutamine	C00064	1	-0.023655415	-0.385707213	-0.371001981	0.09125974	0.031624598	-3.068557937	-3.04703727	-1.332056752	-0.061268669	1.076530142	1.508343063	1.36508703	0.910936615	1.371918636	0.640715708	0.070319919	0.842442265	1.044695701	0.990278154	0.331661559	-1.086004426	-0.842936158	-0.669612496	0.048952442	0.563072746
glutathione	C00051	1	1.23503546	0.386102562	0.315386787	-0.454147245	-0.768528712	-0.136431506	-1.075141187	-0.070187187	-0.341082619	-0.914697288	0.784907062	0.651242472	0.583312978	0.591639226	-0.221294478	0.956055894	0.643186699	0.463222998	0.101692737	-0.548577277	0.105834164	-0.223820139	-0.216084801	-0.633072808	-1.214553793
glutathione disulfide	C00127	1	0.98133392	0.648707494	-0.022313672	-0.081219383	-2.181480852	0.336883566	-1.600207593	0.770467399	0.347952581	-1.255197692	1.122040461	0.952639411	1.094867377	0.591715387	-1.032856826	1.196046893	0.845390357	0.140760102	-0.295483815	-0.907119667	0.455679119	-0.03794822	-0.028033935	-0.556217895	-1.486404516
glycerate	C00258	1	0.310613095	0.139527131	-0.008214421	-0.147288883	-0.322711183	-0.755501369	-0.322711183	-0.463048747	-0.448769335	0.110756096	1.756370546	1.214845938	0.047803264	0.421836254	-0.368182111	1.64904624	0.796525524	-0.114038642	0.012983319	-0.284318505	-0.458779677	-1.053293143	-0.537777657	-0.828872819	-0.346799733
glycine	C00037	1	-0.230902154	-0.230902154	-0.230902154	-0.230902154	-0.230902154	-1.481618221	-0.230902154	-0.506268298	1.155152321	2.111812945	-0.230902154	-0.230902154	-0.230902154	-0.230902154	-0.230902154	0.493703617	0.531907029	0.730984417	-0.073657623	0.282626366	-0.145753612	-0.487102297	-0.769208959	-0.167505114	0.86485112
GMP	C00144	1	0.269106753	0.269106753	0.269106753	0.269106753	0.269106753	-0.369640114	0.269106753	-0.665506356	-0.027274322	-1.13907647	0.269106753	0.553619564	0.269106753	0.020007219	0.246725535	0.269106753	0.269106753	0.269106753	0.269106753	0.269106753	-0.569848609	-0.229676951	-0.186548558	-0.441945916	-0.689222817
GTP	C00044	1	0.076208335	0.466815836	0.84864709	0.098714464	1.176286991	-0.502280289	0.166769976	0.058151837	0.318822855	0.162256564	-1.325049448	-0.753900077	-0.168414438	0.625722373	0.133380684	-0.204706731	-0.233638647	-0.036748979	-0.006533019	0.471258125	-0.661990098	-0.492044906	-0.360651707	-0.14473671	0.287659919
guanine	C00242	1	1.244522788	1.244522788	1.244522788	-0.379695297	1.244522788	-1.178595134	1.444281581	-1.178595134	-1.139388716	-1.178595134	2.652829636	1.191484397	0.336338355	-0.506085356	-0.88691365	0.563720863	0.039816794	0.784183881	0.718484924	-0.379695297	-1.167287327	-1.178595134	-1.178595134	-1.178595134	-1.178595134
guanosine	C00387	1	0.355083466	0.355083466	0.355083466	-1.004035093	0.355083466	-0.041526931	0.355083466	-2.168289599	-2.253201873	-2.444988201	4.863589048	2.71339505	1.639391858	0.252003628	-0.013077174	1.799356423	-0.321680384	0.332206296	0.625884314	-0.614189626	-0.057428796	-0.696431237	-0.943096335	-1.256460308	-2.186838388
hexose-phosphate	C00092/C00103/C00085/C01094	1	0.663631374	0.707637178	1.043289227	0.549459396	1.516376045	-0.436600675	1.491255025	0.133426004	0.083516962	0.287681494	-2.310898547	-1.171060946	-0.744069131	0.729462966	0.370648024	-0.142995187	0.034466324	0.064832137	0.239048492	0.524135585	-1.509390602	-1.208046289	-0.562153586	-0.132545276	-0.221105993
histidine	C00135	1	-1.364311658	-2.902464717	-1.559236403	-1.140708326	0.407030419	-3.466186693	-2.36829115	-1.811183679	-0.577931427	1.211351244	0.664407832	0.572406116	0.310197513	0.713111589	-0.016129277	2.81760476	2.285568869	2.414984874	1.91462872	0.977119033	0.121076435	-0.255267911	-0.000427241	0.51398288	0.538668198
histidinol	C00860	1	-2.820243178	-2.632251653	-2.098723529	-1.470022466	-1.201894698	-1.955192482	-1.805751258	-0.728055284	-0.049350439	1.671797202	-0.19389269	-0.404145918	-0.250853967	1.059039981	0.838442601	0.371153473	1.150295577	1.844825196	1.901846686	1.879900456	0.653262806	0.896126345	0.486361024	1.158076214	1.69925
hypoxanthine	C00262	1	1.065598053	1.065598053	1.065598053	0.053328927	1.065598053	-0.966176417	1.065598053	-0.966176417	-0.966176417	-0.966176417	1.47908367	0.160731989	0.160731989	0.160731989	0.160731989	0.053328927	0.053328927	0.053328927	0.053328927	0.053328927	-0.040564124	-0.966176417	-0.966176417	-0.966176417	-0.966176417
inosine	C00294	1	-1.43026971	-1.496047507	-1.496047507	-1.750389056	-1.496047507	-2.527956629	-1.496047507	-2.527956629	-2.450040983	-2.440534846	7.720148211	4.527655726	3.357681976	2.185842522	0.974783795	1.032818705	-0.143191032	0.419192217	-0.246303668	-1.48685467	1.520527564	1.37282682	0.194844754	-0.662878311	-1.655756727
isocitrate	C00311	1	1.520175031	1.227039924	1.58589465	2.888536502	-0.787694948	2.762908635	1.988738856	0.579733951	0.285409973	-3.11251442	1.776408495	1.465762051	1.255011863	1.343792385	0.865009861	0.123388796	0.022687704	-0.641055925	-0.674840886	-0.077447202	-2.126535996	-3.11251442	-3.11251442	-3.11251442	-2.932866037
leucine/isoleucine	C00407/C00123	1	-1.220066648	-1.758645164	-1.561711227	-0.628115116	-1.364467846	-1.935689926	-1.711100332	-0.612515291	0.114822333	0.779199326	0.500140815	0.699911642	0.459233056	1.091246939	0.448793876	0.79472347	0.99594693	1.549262026	2.255697325	2.513993815	-0.21001939	-0.561899764	-0.454763962	-0.204063534	0.020086644
lysine	C00047	1	-1.305218713	-1.420964987	-1.420964987	-0.364163488	-0.88893624	-2.70011244	-1.420964987	-2.285821553	-1.204317391	0.447332855	1.247115974	1.273146793	0.697603515	0.173765963	0.149033417	3.42561865	2.274150689	1.771756143	1.666234706	0.879913678	0.674455728	-0.903636041	-0.275289439	-0.249476281	-0.240261563
malate	C00149	1	-1.164713157	-0.023209982	0.547456027	1.296902793	-1.802701404	1.530289683	0.603402886	1.093037088	1.066041053	-0.098797254	0.132323824	-0.279483101	-0.211365758	0.607476845	0.019805157	0.339594235	0.087330119	-0.17394249	-0.587634876	-0.689242924	-1.136354067	-0.788186629	-0.295738632	0.350161942	-0.42245138
methionine	C00073	1	-2.367123919	-2.130834483	-1.952591429	0.44722358	-1.371121611	-1.905646625	-2.338997879	-0.231473462	0.333045182	0.779925253	1.186406426	1.442879057	1.246405541	1.423102961	1.404081199	-0.041846744	0.538734619	1.262992821	1.246812812	1.271406432	-1.414326745	-0.202889266	0.080227761	0.454053016	0.839555503
N-acetyl-glucosamine-1-phosphate	C04256	1	-1.994019022	-1.217070303	-1.171766529	0.143248082	0.261190541	1.154609529	-0.66806265	0.162030109	0.510769002	0.940478093	-2.998289325	-1.39282362	-0.345052208	0.579112867	0.422581495	1.644329869	1.002104552	0.590730116	0.857802222	0.998358787	0.68340893	-0.417380988	-0.130814104	0.228154961	0.156369593
N-acetyl-glutamine	C00000	1	0.121692741	0.117466582	0.117466582	-1.720537908	0.117466582	-0.452452894	0.117466582	-0.996169891	-0.131024562	-0.62579595	2.047572932	1.860108109	1.524802958	1.336816725	-0.166839492	-0.15232632	0.461759323	0.766962798	-0.036322456	-0.937695254	-0.668583766	-0.779247463	-1.648940218	-0.366586515	0.092940773
NAD+	C00003	1	1.524819425	0.952160443	0.87947301	0.146905684	0.24412356	-0.369064497	-0.321917159	-0.062524089	-0.087076477	0.056473571	-1.100769067	-1.186815309	-0.804024017	-0.538359272	-0.179198869	0.428991375	0.205807967	0.412984965	0.466311407	0.240379131	-0.031689217	-0.1707918	0.207880293	-0.522602737	-0.39147832
NADH	C00004	1	-1.754467997	-1.453786565	-1.453786565	-1.77486825	-1.453786565	-0.490467981	-1.280544995	-0.637395702	1.114880412	1.038544747	-1.453786565	-1.101897391	-1.085918019	1.442704324	1.093371814	1.101895222	1.527996409	2.32737639	2.481757141	2.039318372	-0.906132114	-1.256377841	0.43555984	0.176256852	1.323555026
NADP+	C00006	1	-0.463385231	0.392375362	1.09116355	-0.238234984	-0.129797928	-0.457690616	-0.72282241	1.043951574	0.687089664	-0.267862018	-1.336897663	-0.493500139	-0.182847995	0.402083743	0.476076169	-0.062062319	1.224087677	0.596883637	0.440696433	-0.150499993	-0.655261348	-0.810695589	0.862010605	-0.799834184	-0.445025996
N-carbamoyl-L-aspartate	C00438	1	-3.375172111	-2.679792763	-2.647177772	-2.822044394	-1.047036459	-2.223332051	-1.514923868	1.023439379	0.42189814	-0.05782913	-2.822044394	-1.640741126	-0.704890711	0.820192113	-0.164377379	-1.142646833	-0.184849759	-2.64953314	-2.054011413	-2.519705482	6.30318004	6.354651353	6.660792633	5.597107477	3.068847651
nicotinate	C00253	1	-0.825017647	-1.043506394	-0.226472589	0.316047047	0.868803075	0.658017057	0.002218784	0.414934909	0.823592863	1.128169096	0.069677781	0.998342689	0.420775351	0.828344791	0.704488175	-2.344554552	-1.666096057	-0.73959463	0.081271569	0.246065352	-0.803912076	-0.228421254	-0.046118818	0.150519192	0.212426287
ornithine	C00077	1	-1.563510824	-1.821658129	-0.925857126	-0.399265538	2.115206251	-3.449028145	-2.534608919	-2.528572533	-0.927633283	0.093623359	-0.212206733	0.416392002	0.240073585	0.018204469	-0.075075579	3.337210498	2.329704931	2.14381976	1.566248759	0.696931662	0.927276138	0.091092468	-0.265123301	0.284020885	0.442735343
orotate	C00295	1	-3.526572148	-2.741784295	-1.964327815	-0.890696164	-1.012528575	-2.688634567	-2.118107146	-0.908946405	-0.433115082	-0.766501215	-2.507543371	-1.625396996	-1.171556011	-0.692588038	-0.739148439	-2.165780794	-1.39709529	-1.10959119	-0.337630061	0.018282361	6.139766988	6.086311266	6.147819532	5.940140832	4.465222625
pantothenate	C00864	1	0.660255539	-0.44826798	-0.569071989	-0.11534438	0.423164041	-0.337293064	-0.646869716	-0.021963363	0.352243354	0.571193764	0.523606931	0.64343535	0.492932413	0.371048038	0.316343673	-0.772134498	-0.755276543	-0.410346503	0.092506678	0.310728818	-0.490266507	-0.234771283	0.039034946	0.014049989	-0.008937708
phenylalanine	C02057	1	-1.507675211	-1.958078353	-1.879031956	-0.607595706	-1.86319114	-1.549017996	-1.455777654	-0.586356861	0.017890847	0.639097396	0.855403009	0.892836341	0.670526447	0.770929852	0.146121513	2.233900462	2.467915798	2.504971213	2.114991623	1.315249394	-0.712658702	-0.719883596	-0.858997685	-0.533356659	-0.398212378
phenylpyruvate	C00166	1	-0.941401869	-1.545181582	-1.322036582	-0.250846829	-1.034893517	2.210524406	0.875519948	0.672013557	0.916625022	-0.112808868	0.151095247	-0.060148833	-0.446393392	-0.794051279	-0.648878773	3.031781435	2.453179183	1.487613155	0.425787342	-0.054243446	0.434932702	-0.633740009	-1.314660798	-1.820930079	-1.678856139
proline	C00148	1	1.731422364	0.597853821	0.871931379	1.092337595	-0.355575164	-0.414906935	-1.331610745	-0.977048502	-0.262610563	0.119668805	-0.168696265	-0.092042031	-0.280488251	-0.116860545	-0.145491469	1.58313839	0.613898288	0.70707963	0.454722006	0.183706107	0.065751798	-1.193633934	-1.368445699	-0.94107498	-0.373025103
pyridoxine	C00314	1	-1.208004666	-1.320033947	-1.875796043	-1.293809043	0.075807494	0.243709492	0.774358131	0.731070927	0.91620998	1.384569643	-0.420657201	-0.250735472	0.131251864	0.685022965	1.209385876	-0.602134666	-0.128295075	0.125824681	0.437482317	0.705188231	-0.516187647	-0.074950352	-0.452275569	0.247324818	0.475673262
pyruvate	C00022	1	-2.219157561	-1.69407221	-1.403463976	-0.62414857	-0.153088697	0.500093594	-0.037432274	0.201222899	0.02168044	0.277195806	-0.722095683	-0.187699536	-0.174286896	-0.035799411	0.032863797	1.518711698	1.319899771	0.873227529	0.588095612	0.487934539	0.585588647	0.275750273	0.252951195	0.333457523	-0.017428507
quinolinate	C03722	1	-0.502413438	-0.297237545	-0.502413438	-0.303248319	-0.502413438	0.603135764	0.862084117	1.41498045	1.284186103	0.356142048	2.265636427	0.023113805	-0.960895497	-1.650638789	-1.650638789	0.115337346	0.468309601	-1.515012984	-2.436650507	-1.89037191	0.967021882	1.544446793	1.775187789	0.349040516	0.183312013
riboflavin	C00255	1	-0.637871238	-0.119156384	-0.555207289	1.052452259	0.018989609	-0.821349467	0.455413911	0.237001235	0.36791057	-0.495855274	1.832611473	1.352463381	1.471370876	0.804938506	1.313382112	-0.819260731	-0.839894295	-0.775288693	-0.29408968	-0.449956764	-0.035181425	-0.39790625	-0.505587681	-1.140921489	-1.019007272
S-adenosyl-L-methionine	C00019	1	-0.864552952	-0.137250502	-0.864552952	-0.159434217	0.476765332	-1.075090581	-0.25192715	-0.974862181	0.366579105	-0.993364437	0.476765332	-0.183885579	0.177145864	1.388127171	0.429971209	1.385246926	1.078996565	1.315288875	0.507239101	0.798930962	-0.409236924	-0.715505307	0.14718301	-0.532091849	-1.386484817
serine	C00065	1	-0.607577136	-0.800131631	-0.010992571	0.1161606	0.658135573	-2.163989498	-2.084687802	-0.667569685	0.39469738	0.956952206	0.808768947	1.013394804	0.629801724	0.804504083	0.106387823	0.395110431	0.588390031	0.784469807	0.985039887	0.836866461	-1.383405657	-1.010410529	-0.797097496	0.146841233	0.300341013
succinate	C00042	1	-0.720221417	-0.693342211	-1.238876277	-0.390586733	0.551679638	1.151223531	0.065147454	-0.231808377	0.335920603	0.733994209	-0.012051817	-0.819078133	-0.788572023	0.495269155	0.310991762	-1.754602475	-0.895873764	-0.334993682	0.02399444	0.345128028	1.081925923	0.327738258	0.646171901	0.979475877	0.83134613
thiamine	C00378	1	0.083405764	-0.157476016	-0.484962496	-0.709370213	-0.028811833	0.36765199	0.260251751	-0.738902676	-1.201916588	-0.23316479	-0.734204648	0.073660831	0.626642893	1.057675	0.615884396	-1.152505981	-0.434836432	0.190971542	0.135995778	0.34721911	0.253289032	0.375051437	0.802162547	0.860663854	-0.174374253
threonine	C00188	1	-1.62618053	-1.80184271	-1.196883052	-0.474076347	-0.051789319	-1.594944081	-1.490016642	-0.057711636	0.553836573	0.854600028	-0.163144892	0.180344356	-0.219566007	0.337399717	-0.292356364	1.115338978	1.475292916	1.465636256	1.19223868	0.641703964	0.050203675	0.189119355	0.307659296	0.453009496	0.152128291
"trans,trans-farnesyl-diphosphate"	C00448	1	-0.657831295	-0.25739219	0.075071391	-0.657831295	0.520114736	0.741158413	1.077410014	1.343089802	0.578180535	0.099083511	-0.657831295	-0.657831295	-0.657831295	-0.657831295	-0.462939688	1.193047659	0.900227892	0.804766175	-0.41156869	-0.409955165	-0.657831295	-0.657831295	-0.657831295	0.016048274	0.114138983
trehalose/sucrose	C01083/C00089	1	2.298166742	1.684137779	1.181933019	-0.787032734	-2.038880945	2.75787562	2.510156625	1.209984393	0.579542023	-0.609862616	0.434767378	-0.857092903	-1.230542136	-1.658008272	-1.448809879	0.868278902	-0.112682103	-0.540636004	-1.339023946	-1.200093591	1.517973288	0.969336148	0.166702509	-1.889977	-2.4662123
trehalose-6-phosphate	C00689	1	-0.282006602	-0.669312043	-1.321840836	-2.142374785	-2.033521635	1.261623334	0.776466224	0.607534033	0.481323972	0.213589153	-0.418764914	-0.062030318	-0.338474421	-0.161768522	-0.713805348	1.597275257	1.068389018	0.970836495	0.626546622	0.408019006	0.004495931	0.160182274	0.618611716	0.181059508	-0.83205312
tryptophan	C00078	1	-0.511126063	-1.17875866	-1.517471529	-0.71748697	-2.203610064	-2.089561676	-1.79795721	-0.968992841	-0.380120104	0.701993858	0.368721884	0.23154064	0.278397439	0.312385602	-0.162565998	2.583899946	2.792842929	2.713046343	2.235230728	1.453269914	-0.144280415	-0.63664603	-0.639286378	-0.424153796	-0.29931155
tyrosine	C00082	1	-0.454214029	-1.444396384	-2.217049416	-1.079673051	-2.527722997	-1.705816144	-2.200218036	-1.357076885	-0.524316954	-0.091069139	0.640985659	0.382354724	0.008870113	0.292977674	-1.794994639	4.181497871	4.322950508	4.079245822	3.650324577	2.46783464	-0.172617232	-0.7329389	-1.040869788	-1.213348195	-1.470719798
UDP-D-glucose	C00029	1	1.959486695	2.073772085	2.342155097	1.979687786	1.157554458	0.863124595	0.570290009	0.428833942	0.476953903	-0.560119221	-1.970034798	-1.412042036	-0.515171221	-0.014899791	-0.459147472	0.688055276	0.161645084	0.440369512	0.4327399	0.028571865	-2.174306513	-2.159668611	-1.529364577	-1.688858809	-1.119627158
UDP-N-acetyl-glucosamine	C00043	1	0.037869489	0.365869125	0.573720912	0.12407702	0.368526556	1.185216968	1.4647786	1.372618712	1.475888096	0.259642144	-1.761133299	-0.310101607	-0.138585706	0.157902195	-0.860079389	1.416780587	1.152952811	1.017655337	0.851535785	0.315235422	-2.128793524	-2.420339896	-1.529510825	-1.770557213	-1.221168301
uridine	C00299	1	0.275351544	0.275351544	0.275351544	-0.017733656	0.275351544	-0.122019628	0.275351544	-0.122019628	-0.122019628	-0.122019628	2.728582911	1.003589893	-0.186116124	-0.911447201	-2.806788609	-0.017733656	-0.017733656	-0.017733656	-0.017733656	-0.017733656	-0.122019628	-0.122019628	-0.122019628	-0.122019628	-0.122019628
UTP	C00075	1	0.703956896	1.470443589	1.464855527	0.894575475	1.600932005	-0.150982696	0.28871736	0.426567722	0.602426862	0.529586884	-2.027402867	-1.103409083	-0.635716777	0.459816241	0.518349257	0.100387278	0.663263422	0.703895537	1.42948957	1.546232262	-3.084662471	-2.804999258	-1.829833401	-1.982288452	0.215799119
valine	C00183	1	-1.290997503	-1.343829267	-1.359194981	-0.554981536	-0.784048977	-1.876894496	-1.274381004	-0.653448033	0.028540954	1.318346976	0.105737527	0.445499755	0.397698652	1.328303092	0.919165204	1.096846016	1.633194599	1.370436061	1.084244152	0.523367562	0.006142713	-0.550443061	-0.549624252	-0.475212746	0.455532591
xanthine	C00385	1	0.328464271	0.328464271	0.328464271	0.202043596	0.328464271	-0.917986615	0.328464271	-0.917986615	-0.917986615	-0.917986615	1.759236306	0.675736644	0.675736644	0.675736644	0.675736644	0.916603037	0.432597872	0.202043596	0.202043596	0.202043596	-0.917986615	-0.917986615	-0.917986615	-0.917986615	-0.917986615
ribose-phosphate	C00117/C00620	1	-0.439221889	0.136664617	0.290012673	0.684482767	1.285754408	-0.114396841	-0.192708361	0.340246869	0.572070015	0.984004851	-3.544880673	-2.123813591	-1.01336572	0.852414157	1.019866619	-0.189620843	0.026400501	0.767965997	0.630531966	0.875043684	-1.078936326	-0.564883637	-0.143010621	0.389280391	0.550098989
orotidine-phosphate	C01103	1	-1.736654516	-1.736654516	-1.736654516	-1.736654516	-1.736654516	-1.736654516	-1.736654516	-1.736654516	-1.736654516	-1.736654516	-1.736654516	-1.736654516	-1.736654516	-1.736654516	-1.736654516	-1.736654516	-1.736654516	-1.736654516	-1.736654516	-1.736654516	6.425510985	6.661392671	7.187945181	7.344446497	7.113794992
argininosuccinate	C03406	1	-0.478710679	-0.062941382	-0.119374814	0.373928736	-0.478710679	-1.919383022	-0.478710679	-0.542123844	-0.067041938	-0.382658036	-1.678656863	-1.089212977	-0.236444483	-0.219012606	0.95582045	1.960775603	1.4272802	1.443281979	1.928099042	1.780553114	-1.667142271	-0.642149412	0.051163067	0.080162929	0.061208565
carbamoyl phosphate	C00169	1	0.321597084	-0.050382375	-0.050382375	-0.050382375	0.102710898	-0.050382375	-0.050382375	-0.050382375	-0.050382375	0.19381605	-0.050382375	-0.050382375	-0.050382375	-0.050382375	-0.050382375	-0.050382375	-0.050382375	-0.050382375	-0.050382375	-0.050382375	-0.050382375	-0.050382375	0.250771869	0.138751603	-0.050382375
CDP	C00112	1	-0.041630267	-0.041630267	-0.041630267	-0.041630267	-0.041630267	-0.041630267	-0.041630267	0.261638415	-0.041630267	0.605610897	-0.041630267	-0.041630267	-0.041630267	-0.041630267	-0.041630267	-0.041630267	-0.041630267	-0.041630267	-0.041630267	-0.041630267	-0.041630267	-0.041630267	-0.041630267	0.048616555	-0.041630267
dGDP	C00361	1	1.072295242	0.660475885	0.013897309	-0.113062318	0.234501048	-0.0782622	-0.657991897	0.492815836	0.86698331	0.376483789	0.150663799	-1.593040917	-0.716714893	-0.363649388	0.246105249	-0.401683295	-0.506635319	-0.302430056	-0.096786939	-0.145076318	0.227009985	0.061262695	0.600277074	-0.324427736	0.296990053
dimethylglycine	C01026	1	-1.781133463	-1.554396542	-2.109306343	-0.676294508	-2.885550371	-0.673025152	-1.990478053	-0.191386146	0.447276497	0.841182848	-0.031162225	2.317852268	1.185876369	1.01597815	0.481368028	2.081204684	0.871404558	0.008713033	-0.178129315	-2.410025621	1.583321004	1.236761356	1.156808505	0.835579035	0.417561405
homoserine	C00263	1	-0.221478014	-0.221478014	-0.221478014	-0.131081929	-0.221478014	-1.79195963	-0.221478014	-0.209429494	0.214868811	0.188946682	-0.221478014	0.105153067	0.349398611	0.183358092	-0.17415267	0.682191479	0.927274056	1.185703313	0.799839008	-0.000467082	-0.597078628	0.111482416	-0.064389763	0.356232446	-0.8070207
hydroxyphenylpyruvate	C01179	1	-0.679065228	-0.679065228	-0.679065228	-0.679065228	-0.679065228	3.371852785	-0.521044871	1.696867124	1.60756268	0.985099261	0.87393768	-0.679065228	-0.679065228	-0.679065228	-0.679065228	1.784452664	0.942040439	-0.661989678	-0.679065228	-0.679065228	0.214437543	-0.679065228	-0.714810966	-0.714810966	-0.714810966
lactate	C00186/C00256	1	-0.759238074	-0.766390699	-0.740501674	-1.872134399	1.241659136	0.136770567	0.500355368	0.114413731	0.434911583	1.149296649	-0.474497514	-1.051831812	-0.932107398	-0.734677657	-0.261995913	0.253700547	0.44609825	0.501602225	0.549490101	0.575238051	0.227389705	0.361437724	0.258714529	0.437917272	0.404379699
N-acetyl-glutamate	C00624	1	1.258575236	1.628266683	2.08005123	1.652389266	2.323295816	-1.388824929	-1.766411508	-1.579471677	-1.517370305	-1.617138972	0.093820199	2.514032685	2.334115404	1.612347517	0.571681283	-0.489838873	-0.4769439	0.130071402	1.018665462	1.053173611	-2.379482217	-2.900752741	-2.942742466	-1.836969747	0.625461541
prephenate	C00254	1	-0.91514882	-0.91514882	-0.699237292	-0.361048529	-0.91514882	-0.279301624	-0.91514882	-0.279301624	-0.279301624	-0.279301624	-0.279301624	-0.279301624	-0.279301624	-0.279301624	-0.279301624	2.051121597	2.572827531	1.59579367	1.28996866	1.121392384	-0.279301624	-0.279301624	-0.279301624	-0.279301624	-0.279301624
PRPP	C00119	1	1.758531256	2.616293426	0.920456766	1.373001602	1.162035732	0.299738085	2.163497938	0.866255725	-0.197150562	-0.809715942	-2.422387878	-3.325100007	-3.01857771	-2.818961628	-2.215632588	0.098906682	0.56346713	1.245495852	0.514278862	1.75065199	-0.817416198	-0.357750462	0.052448163	0.322011163	0.275622603
